1.750753 
20.457758 
24.866481 
27.535013 
22.465070 
21.246843 
13.666591 
4.793477 
0.000000 
7.010239 
11.788900 
16.378114 
34.070469 
38.572801 
35.260231 
28.985920 
18.862458 
6.418168 
0.000000 
0.000000 
0.000000 
0.000000 
6.976408 
15.279689 
25.387123 
32.792868 
32.207828 
28.011364 
17.947061 
7.799283 
1.449287 
0.000000 
0.000000 
2.086150 
6.737633 
7.169975 
5.141085 
20.213715 
32.177379 
30.649762 
25.577649 
17.958654 
15.424859 
9.102710 
2.289173 
6.773395 
4.943710 
8.142432 
20.248088 
27.650299 
22.760050 
21.162899 
11.584969 
2.695113 
0.000000 
0.000000 
0.000000 
1.065470 
3.980062 
2.451013 
0.715183 
6.280492 
24.132238 
30.625330 
28.116203 
26.846217 
21.766239 
14.146314 
7.452206 
4.978078 
8.109699 
17.192911 
