22.227524 
22.022624 
31.327993 
35.038355 
24.332943 
19.783997 
9.623411 
2.206547 
0.000000 
5.236380 
0.920330 
8.804570 
23.739009 
30.878246 
33.616795 
33.648944 
30.824599 
14.903020 
11.388402 
0.762106 
1.224804 
1.725797 
9.374289 
8.936608 
21.703762 
30.078871 
30.579546 
31.775134 
30.556289 
16.399272 
11.096040 
0.145701 
1.491840 
5.304688 
4.473763 
11.425814 
20.974955 
27.439594 
29.637738 
29.562437 
23.820339 
23.552506 
15.064399 
8.137322 
0.000000 
3.512020 
3.532586 
8.201000 
18.386707 
26.087814 
30.490554 
30.382966 
28.893321 
21.408088 
7.292349 
5.916616 
0.132364 
0.795372 
7.233585 
16.008917 
19.883527 
26.357849 
32.099179 
32.599679 
28.080398 
23.341310 
7.258661 
0.732453 
0.719311 
0.055534 
6.642885 
7.213342 
