-6.282825 
5.861134 
10.051371 
12.074157 
19.769329 
17.965813 
17.882678 
18.343421 
16.046321 
4.444110 
6.132569 
2.848432 
4.406664 
0.635590 
11.889602 
17.458297 
18.361532 
15.836080 
25.109261 
18.959037 
17.357657 
8.559606 
3.587719 
0.616199 
2.025053 
7.319991 
10.052889 
12.649943 
17.254753 
19.445038 
26.052178 
15.103870 
10.980396 
6.311319 
0.308406 
-1.801069 
-6.172956 
4.207249 
7.962502 
14.022653 
20.010041 
21.932911 
20.087454 
18.200048 
12.734523 
5.026987 
7.567090 
1.418330 
1.659881 
0.976457 
11.439167 
9.961603 
14.888085 
23.553819 
23.558278 
20.736847 
15.496021 
5.910990 
1.537047 
-4.957447 
-5.466239 
-0.877488 
5.804611 
10.165647 
18.584824 
25.395245 
24.670681 
23.339767 
10.731934 
8.961911 
0.404773 
3.253805 
